%YAML:1.0
---
M1: !!opencv-matrix
   rows: 3
   cols: 3
   dt: d
   data: [ 4.2375831664303877e+02, 0., 1.4728018491794231e+02, 0.,
       4.2186976718995209e+02, 9.4865078354650393e+01, 0., 0., 1. ]
D1: !!opencv-matrix
   rows: 1
   cols: 5
   dt: d
   data: [ 1.5810396335687449e-01, -1.8216515061903078e+00,
       -1.1635081502584411e-03, -4.5424730978081625e-04,
       3.9177693276946846e+00 ]
M2: !!opencv-matrix
   rows: 3
   cols: 3
   dt: d
   data: [ 4.0573696859338202e+02, 0., 1.4630772257741972e+02, 0.,
       4.0388284262780144e+02, 1.2201403188354365e+02, 0., 0., 1. ]
D2: !!opencv-matrix
   rows: 1
   cols: 5
   dt: d
   data: [ 3.2710225573403440e-01, -7.1145884297038862e+00,
       9.5980000814234433e-03, 6.1609971281714662e-04,
       5.3494842443300342e+01 ]
R: !!opencv-matrix
   rows: 3
   cols: 3
   dt: d
   data: [ 9.9999796790998297e-01, -1.9916042949600474e-03,
       -3.1255117494596841e-04, 1.9878858929410852e-03,
       9.9993215481039266e-01, -1.1477547034168567e-02,
       3.3538870182109044e-04, 1.1476902394688323e-02,
       9.9993408194032551e-01 ]
T: !!opencv-matrix
   rows: 3
   cols: 1
   dt: d
   data: [ -3.8590886014485626e+01, 9.9224473334813827e-04,
       -3.4678701679055752e+00 ]
R1: !!opencv-matrix
   rows: 3
   cols: 3
   dt: d
   data: [ 9.9601460624645854e-01, -9.8201525256960340e-04,
       8.9184863007999368e-02, 1.4977783330655976e-03,
       9.9998253990672559e-01, -5.7163398918422346e-03,
       -8.9177692299009903e-02, 5.8271371819949725e-03,
       9.9599868657969892e-01 ]
R2: !!opencv-matrix
   rows: 3
   cols: 3
   dt: d
   data: [ 9.9598666320719464e-01, -2.5608702549128346e-05,
       8.9501765667457225e-02, -4.9200758316653745e-04,
       9.9998328287409255e-01, 5.7612412630132772e-03,
       -8.9500416993085433e-02, -5.7821550088953807e-03,
       9.9597000057306795e-01 ]
P1: !!opencv-matrix
   rows: 3
   cols: 4
   dt: d
   data: [ 4.1464987953094072e+02, 0., 1.1487216949462891e+02, 0., 0.,
       4.1464987953094072e+02, 1.1057352447509766e+02, 0., 0., 0., 1.,
       0. ]
P2: !!opencv-matrix
   rows: 3
   cols: 4
   dt: d
   data: [ 4.1464987953094072e+02, 0., 1.1487216949462891e+02,
       -1.6066185249279690e+04, 0., 4.1464987953094072e+02,
       1.1057352447509766e+02, 0., 0., 0., 1., 0. ]
Q: !!opencv-matrix
   rows: 4
   cols: 4
   dt: d
   data: [ 1., 0., 0., -1.1487216949462891e+02, 0., 1., 0.,
       -1.1057352447509766e+02, 0., 0., 0., 4.1464987953094072e+02, 0.,
       0., 2.5808857118059875e-02, 0. ]
