相机相关参数：
1.内外参数矩阵:
大小：[3 x 3]
[1444.207521301056, 0, 329.9092580142142;
 0, 1448.568889744511, 172.1359600337755;
 0, 0, 1]
2.畸变系数：
大小：[5 x 1]
[0.01518377370990684, 2.351357389396852, -0.02601867085269048, -0.009381128191315338, -276.2959332515654]

图像相关参数：
第1幅图像的旋转向量：
[0.2110608540365214;
 2.420650221241992;
 0.6117832039238263]
第1幅图像的旋转矩阵：
[-0.7917193979116706, 0.001831891417215625, 0.6108821810662163;
 0.2918553182624859, 0.8796216765291869, 0.3756144025219029;
 -0.5366571234711089, 0.4756704219875549, -0.6969481913843356]
第1幅图像的平移向量：
[19.64061845343996;
 -17.46987004773503;
 297.2936460894919]
第2幅图像的旋转向量：
[0.1692944109973708;
 3.028983025948032;
 -0.8293968751582316]
第2幅图像的旋转矩阵：
[-0.9941989498608662, 0.1027747367360395, -0.03171437504332436;
 0.1045947606124041, 0.8551135260644773, -0.5077802611307486;
 -0.02506759158724173, -0.5081517598418951, -0.8609026686110343]
第2幅图像的平移向量：
[31.44573374751871;
 3.001433882217284;
 288.5944993339835]
第3幅图像的旋转向量：
[-0.3101672208195141;
 -2.205706476142249;
 -0.2957920201166008]
第3幅图像的旋转矩阵：
[-0.5948277077535712, 0.3229803710822052, -0.7361139028603069;
 0.1176263849132077, 0.9408467358721653, 0.3177600559713919;
 0.7952006235289822, 0.1024260684312995, -0.5976327206945958]
第3幅图像的平移向量：
[19.39346987602891;
 -3.718256243497722;
 259.2245218681769]
第4幅图像的旋转向量：
[-0.2740171420819275;
 -2.566896785610438;
 -0.5809497027717734]
第4幅图像的旋转矩阵：
[-0.8595495866476018, 0.2932361798869541, -0.4185535221441133;
 0.08443379816955617, 0.8892323683579491, 0.4495961841376933;
 0.5040292073090601, 0.3511101506220204, -0.7890983590843302]
第4幅图像的平移向量：
[22.4322450005457;
 7.207567338238382;
 265.4217029824354]
第5幅图像的旋转向量：
[-0.3255894191326332;
 -2.761091770221359;
 -0.8926228751397655]
第5幅图像的旋转矩阵：
[-0.9509871855794965, 0.2754776360249522, -0.1404828990080013;
 0.1411064170590344, 0.7908271052186563, 0.5955513988869825;
 0.2751587758519619, 0.5465387101583783, -0.7909381052712442]
第5幅图像的平移向量：
[32.01253816092097;
 -10.15982080438205;
 282.9121003579849]
第6幅图像的旋转向量：
[-0.3091936747836438;
 -2.744086249836523;
 -1.04796878400157]
第6幅图像的旋转矩阵：
[-0.9606603310201994, 0.2591040728122674, -0.09998403800735402;
 0.126496882280271, 0.728715101760939, 0.673032569225974;
 0.2472453582527528, 0.6339080216542772, -0.7328235482739541]
第6幅图像的平移向量：
[23.31533652170168;
 -11.92848455837127;
 289.9353700036969]
第7幅图像的旋转向量：
[0.06559106227049978;
 2.932218385489826;
 0.7671374797807241]
第7幅图像的旋转矩阵：
[-0.9930254871897358, 0.01395356781114565, 0.1170712592267109;
 0.06949872193483442, 0.8713893247978088, 0.4856444916580882;
 -0.09523817218433239, 0.4903936608213427, -0.866281563918585]
第7幅图像的平移向量：
[28.5421242954423;
 12.46315850795757;
 279.9951129932247]
第8幅图像的旋转向量：
[-0.05257800284258225;
 -2.730841043151621;
 1.185438981601411]
第8幅图像的旋转矩阵：
[-0.9859479865691555, -0.03286305686706915, -0.1637882391186255;
 0.09721022857403779, 0.6844916363965429, -0.7225104643974138;
 0.135855582295361, -0.7282796298102365, -0.6716785254589084]
第8幅图像的平移向量：
[32.61538333118494;
 -15.66382025519889;
 285.5686005279989]
第9幅图像的旋转向量：
[-2.057726050561528;
 -2.156979436722359;
 -0.0763379393729928]
第9幅图像的旋转矩阵：
[-0.04104415039115228, 0.9959649730579848, -0.0798069555883219;
 0.9878312879541721, 0.05244174156400427, 0.1464213450304844;
 0.150015746698373, -0.0728260680206074, -0.985997788820638]
第9幅图像的平移向量：
[-15.81274825392717;
 -12.90201669567341;
 292.3123372547963]
第10幅图像的旋转向量：
[-1.919187387738657;
 -1.948857739332854;
 0.2736153246011102]
第10幅图像的旋转矩阵：
[0.01392719918431651, 0.9141939758817121, -0.4050375384880616;
 0.9903845523558774, 0.04314756133177211, 0.1314409616746974;
 0.137638917380691, -0.402973525697047, -0.9048026668890642]
第10幅图像的平移向量：
[-25.3033212000511;
 -10.54894710922276;
 290.1139772131061]
第11幅图像的旋转向量：
[-0.103908211781977;
 -3.046431013940094;
 -0.4061069785752453]
第11幅图像的旋转矩阵：
[-0.9955115924794736, 0.07564476709034051, -0.05687300282938029;
 0.0581049709050866, 0.9628770558350073, 0.2636125712150837;
 0.07470262107250053, 0.2591247663932505, -0.9629506082071613]
第11幅图像的平移向量：
[25.21532111344037;
 -3.883062532529415;
 280.3098735440885]
第12幅图像的旋转向量：
[-0.4532793690552575;
 -2.801997827954796;
 -0.4724541064493286]
第12幅图像的旋转矩阵：
[-0.9165545675839137, 0.3443332723165093, -0.2033772903174533;
 0.2586071737096682, 0.898248949468564, 0.3553465273286334;
 0.3050410699347917, 0.2730996564524137, -0.9123412318308382]
第12幅图像的平移向量：
[11.10071223103057;
 -16.89754216176183;
 274.2755931118595]
第13幅图像的旋转向量：
[-0.4926366477420151;
 -2.887574404062319;
 -0.4023297346945305]
第13幅图像的旋转矩阵：
[-0.9279275219445345, 0.3476539395133307, -0.1344888558905041;
 0.29764947661389, 0.9082392198045871, 0.2941195482796632;
 0.2243998731937091, 0.2328910860243843, -0.9462591817050074]
第13幅图像的平移向量：
[11.38380329158035;
 -11.77950341745757;
 278.9703338967248]
第14幅图像的旋转向量：
[-2.706197274764821;
 -0.8047620875594134;
 0.306126891975238]
第14幅图像的旋转矩阵：
[0.8203042085897423, 0.4958503631003814, -0.2850147764295308;
 0.5599170089743473, -0.7978451631813024, 0.2234637300534955;
 -0.11659308912271, -0.3428928593619597, -0.9321107973666022]
第14幅图像的平移向量：
[-28.96838548395129;
 9.488849944142011;
 307.8643398721018]
每幅图像的标定误差：
第1幅图像的平均误差：0.0809533像素
第2幅图像的平均误差：0.08198像素
第3幅图像的平均误差：0.0809072像素
第4幅图像的平均误差：0.0810528像素
第5幅图像的平均误差：0.0771019像素
第6幅图像的平均误差：0.068275像素
第7幅图像的平均误差：0.0843336像素
第8幅图像的平均误差：0.0992227像素
第9幅图像的平均误差：0.0963253像素
第10幅图像的平均误差：0.088557像素
第11幅图像的平均误差：0.095566像素
第12幅图像的平均误差：0.0743609像素
第13幅图像的平均误差：0.108497像素
第14幅图像的平均误差：0.0991949像素
总体平均误差：0.0868805像素
