相机相关参数：
1.内外参数矩阵:
大小：[3 x 3]
[559.9182621692132, 0, 314.4082093422621;
 0, 560.3746612969901, 228.3045268209525;
 0, 0, 1]
2.畸变系数：
大小：[5 x 1]
[0.2373253391287514, -1.225837351184048, -0.01521138959887255, -0.0004765629863077379, 2.549307647817495]

图像相关参数：
第1幅图像的旋转向量：
[-2.120949462886283;
 1.967867369308435;
 -0.01263760811078687]
第1幅图像的旋转矩阵：
[0.0889420947308146, -0.9808159054133676, 0.1734631473052741;
 -0.9829628698408772, -0.05830897895595766, 0.1743102391923689;
 -0.1608517960704265, -0.1860113508936215, -0.9692917399006595]
第1幅图像的平移向量：
[26.12488090761887;
 38.41909006133864;
 185.0585428824496]
第2幅图像的旋转向量：
[-2.608323624118015;
 0.05388476065172343;
 -0.2034266100336067]
第2幅图像的旋转矩阵：
[0.9879356602137832, 0.0006615557722050788, 0.1548634676801357;
 -0.07723796419770929, -0.8646364623564776, 0.4964253064160498;
 0.1342290138701374, -0.5023976018131813, -0.8541540970620083]
第2幅图像的平移向量：
[-53.18059981559481;
 35.28942565305779;
 176.6686642893311]
第3幅图像的旋转向量：
[-1.64451401463442;
 2.420622073194534;
 -0.06061766951465469]
第3幅图像的旋转矩阵：
[-0.3529867347764646, -0.9142020011606299, 0.1990855749313591;
 -0.9230209344637982, 0.375068915179771, 0.08576516430023989;
 -0.1530774954505954, -0.1534861881074969, -0.9762219370854165]
第3幅图像的平移向量：
[45.61068397216351;
 4.020498850894322;
 178.7662567180236]
第4幅图像的旋转向量：
[-2.028891662759657;
 2.054475377898786;
 -0.1038615513727633]
第4幅图像的旋转矩阵：
[0.002240935690785761, -0.9738492796811076, 0.2271839753851879;
 -0.9917957351240558, 0.02687280236082623, 0.1249762868827899;
 -0.1278131370280974, -0.2256001616973353, -0.9657993420194346]
第4幅图像的平移向量：
[37.8823434798307;
 29.10919932295734;
 166.3107396910733]
第5幅图像的旋转向量：
[-0.4397005319527556;
 2.942221674322258;
 -0.5360701043248511]
第5幅图像的旋转矩阵：
[-0.9507849029459148, -0.2611524552371319, 0.1667556999138116;
 -0.3031839308916846, 0.8951528167633853, -0.3267735281347677;
 -0.06393412531030362, -0.3612489858313728, -0.9302750119489457]
第5幅图像的平移向量：
[26.79836071691317;
 -30.06633697926275;
 166.0726356307969]
第6幅图像的旋转向量：
[0.01985063096224151;
 -3.055598197517246;
 0.0130448983190277]
第6幅图像的旋转矩阵：
[-0.9962284323349291, -0.0133344903973381, -0.08573856759552841;
 -0.01260195094852296, 0.9998793698303816, -0.009079461431678957;
 0.08584929492885028, -0.007964744405291508, -0.996276297724069]
第6幅图像的平移向量：
[-21.33584336097063;
 -35.25403956214138;
 162.6299485067551]
第7幅图像的旋转向量：
[-0.3881538671019731;
 2.491437782994983;
 -0.4319711973908127]
第7幅图像的旋转矩阵：
[-0.7923782176029709, -0.1780824841750991, 0.583458129687439;
 -0.3641061418855048, 0.9054558743389807, -0.2181200978045923;
 -0.4894522220907691, -0.3852743028740145, -0.7823044380772428]
第7幅图像的平移向量：
[6.260334494780383;
 -23.46893863742309;
 186.4072653769659]
第8幅图像的旋转向量：
[-0.2222299025759925;
 2.962069806398809;
 -0.5632792602858346]
第8幅图像的旋转矩阵：
[-0.9822469449252405, -0.1215459678108511, 0.1428898768071248;
 -0.165510370951165, 0.9200507617558641, -0.3551237993996751;
 -0.08830207411289674, -0.3724690235460883, -0.9238341681308307]
第8幅图像的平移向量：
[44.18540303095745;
 -30.07189936982826;
 171.5143537266611]
第9幅图像的旋转向量：
[1.981422735669613;
 -2.11953021800166;
 -0.06702352165123364]
第9幅图像的旋转矩阵：
[-0.05255341842184702, -0.9775114873303141, -0.2042288675712999;
 -0.9884618258366349, 0.08001279862935684, -0.1286124835278611;
 0.142061103317849, 0.1951134136669628, -0.9704377356282783]
第9幅图像的平移向量：
[34.0375214673668;
 24.17940516440722;
 142.7077148915651]
第10幅图像的旋转向量：
[2.788798909893531;
 0.5062674725909249;
 0.8244533131616811]
第10幅图像的旋转矩阵：
[0.7870802445095203, 0.2684841826908545, 0.5553565812589751;
 0.3738387123466701, -0.9237507817688104, -0.08324127781632801;
 0.490662109657773, 0.2731313545280646, -0.8274357723230535]
第10幅图像的平移向量：
[-35.25995432018288;
 27.16853877955744;
 119.4957524703453]
第11幅图像的旋转向量：
[2.734132654525381;
 0.01885830908869597;
 0.1296599050880224]
第11幅图像的旋转矩阵：
[0.9956022977313737, -0.005426245467232752, 0.09352336933695982;
 0.03184275761855999, -0.9192780896551214, -0.3923185346976054;
 0.08810280097280504, 0.3935712765690096, -0.9150625916955551]
第11幅图像的平移向量：
[-5.723210936562822;
 30.742089156583;
 120.8501198680069]
第12幅图像的旋转向量：
[-2.779468767121747;
 -0.3901702017711252;
 -0.3798724316679066]
第12幅图像的旋转矩阵：
[0.9278231089204629, 0.3047823248026613, 0.2150628118505178;
 0.2231361458761618, -0.9154988005666687, 0.3347718724213895;
 0.2989222958507753, -0.2626207924915236, -0.917428896642364]
第12幅图像的平移向量：
[-35.56849797227491;
 34.87163188287693;
 134.1167765113668]
第13幅图像的旋转向量：
[-3.037213095950434;
 -0.1378390217991511;
 0.5081067666386272]
第13幅图像的旋转矩阵：
[0.9417101622005235, 0.07830805440055129, -0.3271846864146665;
 0.09777631414487691, -0.9942591644332698, 0.04345694803709149;
 -0.3219033438790372, -0.07291476226702262, -0.9439606319349541]
第13幅图像的平移向量：
[-12.75052370373271;
 34.89401182995996;
 170.6212880915672]
每幅图像的标定误差：
第1幅图像的平均误差：0.0794096像素
第2幅图像的平均误差：0.121972像素
第3幅图像的平均误差：0.0977993像素
第4幅图像的平均误差：0.0985967像素
第5幅图像的平均误差：0.115258像素
第6幅图像的平均误差：0.083888像素
第7幅图像的平均误差：0.111439像素
第8幅图像的平均误差：0.106907像素
第9幅图像的平均误差：0.111559像素
第10幅图像的平均误差：0.133641像素
第11幅图像的平均误差：0.13097像素
第12幅图像的平均误差：0.167381像素
第13幅图像的平均误差：0.0893643像素
总体平均误差：0.111399像素
