1.000000000 0.000000000 0.000000000 0.000000000 0.000000000 1.000000000 0.000000000 0.000000000 0.000000000 0.000000000 1.000000000 0.000000000
0.999991477 -0.002402555 -0.003354235 -0.003422415 0.002395224 0.999994755 -0.002187924 -0.005254311 0.003359474 0.002179871 0.999991953 0.665020108
0.999971330 -0.001063168 -0.007499720 -0.012824554 0.001036284 0.999993026 -0.003587584 -0.010532076 0.007503482 0.003579709 0.999965429 1.358686209
0.999938905 -0.001421641 -0.010971971 -0.032631006 0.001367213 0.999986649 -0.004966521 -0.013263900 0.010978885 0.004951217 0.999927461 2.063791513
0.999875665 -0.000011331 -0.015767548 -0.052713018 -0.000078413 0.999983728 -0.005691073 -0.015577585 0.015767356 0.005691603 0.999859512 2.789011717
0.999795020 -0.000607150 -0.020233929 -0.068274170 0.000485688 0.999981821 -0.006007221 -0.023052480 0.020237209 0.005996162 0.999777257 3.531826496
0.999697506 0.000914555 -0.024581676 -0.094356984 -0.001091567 0.999973595 -0.007188537 -0.031045293 0.024574457 0.007213196 0.999671996 4.281145096
0.999568343 0.003409965 -0.029177634 -0.130020991 -0.003645840 0.999961078 -0.008034731 -0.034331273 0.029149100 0.008137641 0.999541998 5.045291424
0.999418676 0.003996552 -0.033857208 -0.156645685 -0.004208620 0.999971986 -0.006194656 -0.048569396 0.033831500 0.006333548 0.999407470 5.836737633
0.999259889 0.003296467 -0.038325772 -0.191894576 -0.003432931 0.999988019 -0.003495395 -0.056010708 0.038313784 0.003624378 0.999259174 6.632367134
0.999132633 0.003156810 -0.041519787 -0.234497428 -0.003189849 0.999994576 -0.000729516 -0.065370180 0.041517258 0.000861324 0.999137402 7.444808483
0.999018550 0.004355173 -0.044078756 -0.276405185 -0.004432414 0.999988794 -0.001654740 -0.072934955 0.044071067 0.001848490 0.999026716 8.253139496
0.998929262 0.003923071 -0.046098202 -0.322649300 -0.004012770 0.999990106 -0.001853442 -0.079028003 0.046090487 0.002036439 0.998935282 9.072065353
0.998870790 0.001413754 -0.047486760 -0.369936794 -0.001543995 0.999995112 -0.002706126 -0.083849370 0.047482707 0.002776390 0.998868227 9.898099899
0.998740375 0.000667537 -0.050172046 -0.402280122 -0.000752154 0.999998331 -0.001667688 -0.093019709 0.050170839 0.001703324 0.998739183 10.743913651
0.998661518 -0.000830244 -0.051716898 -0.447996199 0.000731179 0.999997973 -0.001934417 -0.101293042 0.051718384 0.001894013 0.998659909 11.592797279
0.998567283 0.001470528 -0.053490177 -0.499885857 -0.001697283 0.999989748 -0.004194015 -0.112336934 0.053483460 0.004278795 0.998559594 12.446773529
0.998499572 0.002021574 -0.054721896 -0.553432226 -0.002397512 0.999973953 -0.006805192 -0.121405303 0.054706708 0.006926177 0.998478591 13.308218956
0.998393953 0.005847862 -0.056348749 -0.612784326 -0.006327479 0.999945223 -0.008336912 -0.134668425 0.056296911 0.008680069 0.998376310 14.182364464
0.998319447 0.007120568 -0.057510681 -0.665488183 -0.007598911 0.999938309 -0.008103102 -0.146930352 0.057449423 0.008526502 0.998312116 15.063193321
0.998234034 0.005963102 -0.059104428 -0.718503177 -0.006364807 0.999957979 -0.006610580 -0.160294607 0.059062522 0.006975096 0.998229861 15.958700180
0.998172343 0.007227496 -0.059997287 -0.784780681 -0.007557928 0.999957502 -0.005282358 -0.170877069 0.059956554 0.005726159 0.998184562 16.852043152
0.998107135 0.006390566 -0.061166417 -0.834662497 -0.006711148 0.999964774 -0.005037122 -0.187686056 0.061132081 0.005438085 0.998114884 17.742870331
0.998015404 0.006286238 -0.062655836 -0.897380590 -0.006678421 0.999959350 -0.006051846 -0.198301435 0.062615253 0.006458277 0.998016834 18.647916794
0.997943580 0.004776795 -0.063919917 -0.955088973 -0.005206374 0.999964833 -0.006555681 -0.214616299 0.063886359 0.006874992 0.997933447 19.572189331
0.997917354 0.004759698 -0.064331107 -1.014581680 -0.005071567 0.999976099 -0.004685451 -0.229780138 0.064307265 0.005001950 0.997917593 20.472465515
0.997913778 0.005971118 -0.064284123 -1.082002878 -0.006071615 0.999980628 -0.001368081 -0.239203840 0.064274721 0.001755534 0.997930646 21.397356033
0.997948647 0.006631627 -0.063674420 -1.141870260 -0.006479682 0.999975562 0.002592489 -0.253082812 0.063690066 -0.002174582 0.997967422 22.323265076
0.998068094 0.004817727 -0.061942544 -1.197131395 -0.004490177 0.999975204 0.005426080 -0.259977788 0.061967161 -0.005137464 0.998064935 23.254909515
0.998172700 0.005096948 -0.060210418 -1.260637283 -0.004729962 0.999969482 0.006236023 -0.265748024 0.060240366 -0.005939836 0.998166263 24.193563461
0.998240232 0.005525868 -0.059040949 -1.317399740 -0.005358657 0.999981165 0.002990090 -0.267132878 0.059056368 -0.002668448 0.998251081 25.127525330
0.998311639 0.006329623 -0.057739180 -1.379799604 -0.006422525 0.999978364 -0.001423580 -0.280748665 0.057728920 0.001792007 0.998330653 26.065113068
0.998385429 0.005445666 -0.056541249 -1.435688138 -0.005698858 0.999974370 -0.004317733 -0.288947254 0.056516282 0.004632982 0.998390973 27.013301849
0.998437583 0.003204604 -0.055786736 -1.494374514 -0.003389027 0.999989033 -0.003211561 -0.298188329 0.055775832 0.003395606 0.998437643 27.977848053
0.998419762 0.001662257 -0.056171719 -1.542436719 -0.001573283 0.999997437 0.001628147 -0.309115171 0.056174286 -0.001537199 0.998419762 28.945579529
0.998370826 -0.002161962 -0.057016335 -1.597561240 0.002453750 0.999984264 0.005048110 -0.319336921 0.057004508 -0.005179791 0.998360515 29.919309616
0.998262167 -0.009671241 -0.058130566 -1.642680287 0.009941586 0.999940991 0.004363241 -0.324720770 0.058084939 -0.004933568 0.998299479 30.883533478
0.998149216 -0.012028521 -0.059611812 -1.697246313 0.012081029 0.999926865 0.000520485 -0.331825912 0.059601195 -0.001239693 0.998221517 31.857387543
0.998062372 -0.012273991 -0.060998529 -1.758256793 0.012103192 0.999921739 -0.003168753 -0.341373503 0.061032653 0.002424337 0.998132765 32.823707581
0.997954428 -0.010969358 -0.062981166 -1.826115251 0.010744251 0.999934673 -0.003911773 -0.350477338 0.063019969 0.003227086 0.998006999 33.804370880
0.997916460 -0.010557414 -0.063650042 -1.892995596 0.010399340 0.999941945 -0.002814283 -0.361168683 0.063676074 0.002146500 0.997968316 34.792884827
0.997841418 -0.007841892 -0.065200463 -1.960476160 0.007873652 0.999968946 0.000230193 -0.376399517 0.065196641 -0.000743061 0.997872174 35.789497375
0.997760653 -0.007886594 -0.066418856 -2.024548054 0.008001949 0.999966919 0.001470920 -0.386768311 0.066405043 -0.001999107 0.997790754 36.783096313
0.997722685 -0.006635622 -0.067121431 -2.099209309 0.006933355 0.999967158 0.004203781 -0.397273898 0.067091323 -0.004659585 0.997735977 37.751914978
0.997728229 -0.006486683 -0.067054413 -2.161863089 0.006987989 0.999949336 0.007244237 -0.408031464 0.067004025 -0.007696353 0.997723043 38.743122101
0.997699499 -0.001027237 -0.067782819 -2.238406897 0.001652915 0.999956489 0.009175191 -0.404190809 0.067770444 -0.009266122 0.997657955 39.735569000
0.997718036 -0.000121699 -0.067519560 -2.319351435 0.000698379 0.999963522 0.008517394 -0.414336592 0.067516066 -0.008545111 0.997681618 40.710304260
0.997692883 -0.000753808 -0.067884862 -2.375586271 0.001234920 0.999974430 0.007045493 -0.418455631 0.067877807 -0.007113070 0.997668266 41.716571808
0.997687936 0.001574989 -0.067942694 -2.456238985 -0.001255306 0.999987960 0.004747618 -0.423918068 0.067949355 -0.004651352 0.997677922 42.711860657
0.997637510 0.001115439 -0.068688579 -2.525689363 -0.000788148 0.999988198 0.004791775 -0.428811193 0.068693109 -0.004726318 0.997626662 43.693809509
0.997551680 -0.000611036 -0.069930516 -2.596051931 0.001026824 0.999981999 0.005909946 -0.437079489 0.069925636 -0.005967284 0.997534394 44.678237915
0.997497737 -0.000117704 -0.070697993 -2.665565729 0.000627656 0.999973953 0.007190939 -0.447808802 0.070695303 -0.007217320 0.997471869 45.656425476
0.997462153 0.002345073 -0.071159519 -2.737452745 -0.002101916 0.999991655 0.003491752 -0.456079602 0.071167126 -0.003333320 0.997458816 46.632137299
0.997426450 0.002717282 -0.071645439 -2.822187185 -0.002761198 0.999996126 -0.000513928 -0.467028469 0.071643755 0.000710433 0.997430027 47.592502594
0.997354269 0.003296824 -0.072619587 -2.884306908 -0.003433165 0.999992549 -0.001752732 -0.473327696 0.072613269 0.001997410 0.997358143 48.549613953
0.997345746 0.002101982 -0.072780162 -2.957437992 -0.001970506 0.999996245 0.001878235 -0.487145543 0.072783835 -0.001729836 0.997346163 49.533699036
0.997333884 -0.000037723 -0.072973125 -3.027358055 0.000401043 0.999987602 0.004964182 -0.497782558 0.072972029 -0.004980212 0.997321486 50.494270325
0.997304201 -0.002310012 -0.073341139 -3.091399908 0.002729347 0.999980628 0.005617897 -0.505676270 0.073326722 -0.005802927 0.997291088 51.440650940
0.997298241 -0.005635642 -0.073242575 -3.166911602 0.005994909 0.999971092 0.004686242 -0.518365026 0.073214047 -0.005112662 0.997303188 52.391658783
0.997234762 -0.008754034 -0.073798373 -3.232701778 0.009020738 0.999953926 0.003281421 -0.524882674 0.073766276 -0.003938063 0.997267783 53.350120544
0.997155607 -0.009972554 -0.074706860 -3.308065891 0.010317132 0.999937832 0.004227884 -0.533056676 0.074660048 -0.004986619 0.997196555 54.308330536
0.997001648 -0.013347344 -0.076220341 -3.372114182 0.014030442 0.999865949 0.008433677 -0.541162312 0.076097555 -0.009477794 0.997055292 55.249916077
0.996968746 -0.013640410 -0.076597810 -3.442013741 0.014709217 0.999801934 0.013406673 -0.543114007 0.076399766 -0.014492728 0.996971905 56.186260223
0.996974111 -0.011854721 -0.076824374 -3.526475668 0.013077007 0.999795556 0.015426657 -0.540850520 0.076625794 -0.016384613 0.996925235 57.132469177
0.996880054 -0.010598222 -0.078216054 -3.602901220 0.011517356 0.999869764 0.011309491 -0.543924570 0.078086004 -0.012175051 0.996872246 58.060535431
0.996801376 -0.008574056 -0.079456896 -3.676537037 0.008881435 0.999954343 0.003515922 -0.551942766 0.079423130 -0.004210368 0.996832132 58.957942963
0.996711373 -0.007255528 -0.080708176 -3.753876209 0.007200557 0.999973595 -0.000972136 -0.564186811 0.080713086 0.000387795 0.996737301 59.890880585
0.996685982 -0.002033152 -0.081319943 -3.841737270 0.002017251 0.999997973 -0.000277704 -0.573980689 0.081320331 0.000112741 0.996688008 60.790203094
0.996575117 0.000700003 -0.082689404 -3.925825119 -0.000501601 0.999996901 0.002420096 -0.592549920 0.082690842 -0.002370331 0.996572375 61.687671661
0.996482849 0.003133257 -0.083738126 -3.999437809 -0.002834524 0.999989152 0.003686115 -0.603030384 0.083748788 -0.003435793 0.996481001 62.575580597
0.996355295 0.003815027 -0.085215099 -4.074067116 -0.003553716 0.999988556 0.003217959 -0.610405564 0.085226387 -0.002903401 0.996357441 63.441726685
0.996231019 0.005682732 -0.086552948 -4.156603813 -0.005351607 0.999977469 0.004057251 -0.619147897 0.086574070 -0.003578762 0.996239007 64.293701172
0.996126592 0.006479397 -0.087691121 -4.239554405 -0.006068457 0.999969304 0.004951993 -0.636324048 0.087720528 -0.004400662 0.996135414 65.138854980
0.996005476 0.006410080 -0.089061677 -4.315933228 -0.005950071 0.999967515 0.005429595 -0.644614100 0.089093611 -0.004877983 0.996011376 65.956497192
0.995906591 0.005881857 -0.090196073 -4.393384933 -0.005320801 0.999964893 0.006459588 -0.651969910 0.090230905 -0.005953231 0.995903075 66.770965576
0.995773435 0.008318399 -0.091466136 -4.475287437 -0.007523812 0.999930918 0.009028612 -0.655963004 0.091534920 -0.008302279 0.995767176 67.567749023
0.995611489 0.010150429 -0.093029857 -4.548617840 -0.008944014 0.999870539 0.013375825 -0.664734900 0.093153596 -0.012485067 0.995573401 68.357131958
0.995413303 0.013417005 -0.094721489 -4.629487991 -0.012058245 0.999816239 0.014902634 -0.666730642 0.094904028 -0.013692107 0.995392203 69.132736206
0.995259225 0.016136009 -0.095909998 -4.707588196 -0.015151535 0.999824882 0.010983998 -0.677383184 0.096070439 -0.009478741 0.995329380 69.874160767
0.995111823 0.016150342 -0.097424470 -4.781352043 -0.015869530 0.999867380 0.003656587 -0.683476567 0.097470604 -0.002092632 0.995236158 70.598861694
0.994975746 0.015143186 -0.098964155 -4.852859020 -0.015423552 0.999878883 -0.002068526 -0.693086743 0.098920859 0.003584512 0.995088875 71.313484192
0.994936943 0.015751505 -0.099259518 -4.926765442 -0.016157296 0.999863982 -0.003285581 -0.697510421 0.099194281 0.004872710 0.995056212 72.006042480
0.994814157 0.018707959 -0.099974044 -5.007259369 -0.018788453 0.999823570 0.000136396 -0.707996368 0.099958941 0.001742669 0.994990051 72.684120178
0.994681537 0.019000985 -0.101230808 -5.080076218 -0.018832941 0.999819219 0.002615502 -0.726483583 0.101262189 -0.000695118 0.994859517 73.336143494
0.994646728 0.015600909 -0.102149732 -5.144535065 -0.015772663 0.999875128 -0.000873858 -0.734143615 0.102123328 0.002480354 0.994768679 73.966560364
0.994727552 0.007560811 -0.102273732 -5.196564674 -0.008201101 0.999949276 -0.005841510 -0.751626492 0.102224380 0.006649469 0.994739115 74.586906433
0.994845927 0.003516989 -0.101338044 -5.250279427 -0.004646101 0.999929786 -0.010908167 -0.757357597 0.101292543 0.011322772 0.994792163 75.181900024
0.995133162 0.005795017 -0.098368861 -5.307196617 -0.006911913 0.999915361 -0.011017198 -0.771672726 0.098296680 0.011643495 0.995089054 75.765914917
0.995496750 0.010958346 -0.094159909 -5.372944832 -0.011764781 0.999898672 -0.008013666 -0.786213815 0.094062552 0.009085351 0.995524824 76.336441040
0.995932996 0.009396901 -0.089605786 -5.421664238 -0.009885942 0.999938548 -0.005015426 -0.795670033 0.089553155 0.005880867 0.995964587 76.893989563
0.996471226 0.005937390 -0.083723970 -5.460285664 -0.006049358 0.999981105 -0.001083728 -0.802089632 0.083715960 0.001586380 0.996488392 77.439399719
0.997127533 0.001178563 -0.075733550 -5.484557152 -0.000963277 0.999995410 0.002879141 -0.823662817 0.075736582 -0.002797918 0.997123957 77.967658997
0.997864127 0.004849199 -0.065145165 -5.516583920 -0.004669108 0.999984980 0.002916406 -0.834889293 0.065158315 -0.002606007 0.997871578 78.484291077
0.998688698 0.009893279 -0.050230395 -5.539731026 -0.009795909 0.999949634 0.002184297 -0.839248896 0.050249472 -0.001689381 0.998735368 78.988479614
0.999384463 0.015179356 -0.031628527 -5.562393188 -0.015105710 0.999882638 0.002566146 -0.842426658 0.031663757 -0.002086795 0.999496460 79.480659485
0.999859869 0.013544461 -0.009840146 -5.545887470 -0.013512771 0.999903262 0.003279925 -0.848897457 0.009883618 -0.003146498 0.999946117 79.953308105
0.999811590 0.010172602 0.016525179 -5.517446995 -0.010243904 0.999938548 0.004235860 -0.855928421 -0.016481075 -0.004404346 0.999854445 80.419326782
0.998900473 0.009044428 0.046002239 -5.474120140 -0.009318439 0.999940038 0.005745486 -0.862675667 -0.045947514 -0.006167837 0.998924792 80.875221252
0.996821225 0.008619376 0.079203427 -5.421728134 -0.009253999 0.999927938 0.007649017 -0.874614060 -0.079131775 -0.008357651 0.996829152 81.324119568
0.993130565 0.008595784 0.116694920 -5.347476006 -0.009592515 0.999922156 0.007982414 -0.877486289 -0.116617218 -0.009046978 0.993135691 81.745079041
0.987330198 0.008944466 0.158426628 -5.255529404 -0.010336622 0.999914885 0.007965548 -0.881936252 -0.158341870 -0.009502222 0.987338603 82.174011230
0.979066193 0.008215021 0.203376397 -5.135347366 -0.010050141 0.999917567 0.007992120 -0.888918400 -0.203293979 -0.009868775 0.979068041 82.593551636
0.967623413 0.010522509 0.252179235 -5.005027771 -0.012387943 0.999906421 0.005810701 -0.896943212 -0.252094507 -0.008746551 0.967663109 82.984840393
0.952152431 0.011371531 0.305411935 -4.853624344 -0.013026193 0.999909461 0.003380426 -0.910060167 -0.305345833 -0.007197036 0.952214301 83.365234375
0.932313144 0.011633129 0.361464828 -4.689176559 -0.012849917 0.999916971 0.000962706 -0.912971497 -0.361423612 -0.005542336 0.932385266 83.713981628
0.908270776 0.011803532 0.418216169 -4.483726501 -0.012760459 0.999918520 -0.000508386 -0.921650469 -0.418188065 -0.004874879 0.908347368 84.058975220
0.878946304 0.012259072 0.476763219 -4.271442413 -0.012486175 0.999918461 -0.002691891 -0.925366044 -0.476757318 -0.003586920 0.879027665 84.390274048
0.845469713 0.010685248 0.533916533 -4.028915405 -0.009805630 0.999941885 -0.004484342 -0.935610294 -0.533933401 -0.001444012 0.845525265 84.695648193
0.808234632 0.011105944 0.588755727 -3.768394470 -0.009063703 0.999938309 -0.006419742 -0.937624693 -0.588790774 -0.000147649 0.808285475 84.990341187
0.768547952 0.009247825 0.639725327 -3.484905243 -0.007712409 0.999956846 -0.005189835 -0.948542476 -0.639745712 -0.000945187 0.768586159 85.264221191
0.726228416 0.009140409 0.687392592 -3.204128265 -0.010135301 0.999945283 -0.002588572 -0.961890459 -0.687378585 -0.005087036 0.726281404 85.490158081
0.680602312 0.008420076 0.732604623 -2.899982452 -0.009274325 0.999952853 -0.002876792 -0.963087082 -0.732594252 -0.004836462 0.680648327 85.723541260
0.634164453 0.007235094 0.773164332 -2.576545715 -0.006463069 0.999970853 -0.004056362 -0.969845712 -0.773171246 -0.002424614 0.634192646 85.926361084
0.587189674 0.004415235 0.809437335 -2.241638184 -0.000937121 0.999988139 -0.004774817 -0.980537534 -0.809448838 0.002045183 0.587186873 86.109390259
0.540669978 0.006262841 0.841211438 -1.906391144 -0.002855034 0.999980211 -0.005609869 -0.991879702 -0.841229975 0.000631401 0.540677130 86.276634216
0.493535519 0.009354291 0.869675338 -1.572280884 -0.006137381 0.999954700 -0.007272660 -0.997418702 -0.869704008 -0.001748212 0.493570626 86.429534912
0.448428988 0.011521518 0.893744230 -1.230964661 -0.007256516 0.999930859 -0.009249507 -1.006538868 -0.893789053 -0.002337723 0.448481500 86.558120728
0.403405190 0.009681393 0.914970160 -0.893236160 -0.001450269 0.999949515 -0.009941152 -1.014268279 -0.915020227 0.002683360 0.403398812 86.697471619
0.364084154 0.001897601 0.931364119 -0.523393631 0.013758069 0.999877810 -0.007415427 -1.018909097 -0.931264341 0.015513610 0.364013553 86.780944824
0.328616053 -0.001766863 0.944461882 -0.153301239 0.017912997 0.999829948 -0.004362206 -1.022327781 -0.944293678 0.018351633 0.328591883 86.871368408
0.295624197 0.002533058 0.955300868 0.217006683 0.015315806 0.999855340 -0.007390773 -1.027745128 -0.955181539 0.016816095 0.295542628 86.967620850
0.264552057 0.009729477 0.964322329 0.576181412 0.004256956 0.999927521 -0.011256566 -1.045508742 -0.964361966 0.007083026 0.264491439 87.063484192
0.235342100 0.014777524 0.971800268 0.966493607 -0.001040501 0.999887764 -0.014952647 -1.058503628 -0.971912026 0.002507828 0.235331029 87.162490845
0.209634811 0.016496196 0.977640629 1.357513428 0.000273550 0.999856651 -0.016929716 -1.072279215 -0.977779746 0.003816491 0.209600225 87.225440979
0.185906380 0.018087270 0.982400954 1.770274162 0.007628447 0.999773800 -0.019850710 -1.079725385 -0.982537866 0.011184569 0.185726345 87.283477783
0.166084796 0.023890721 0.985822022 2.178191185 0.014344282 0.999542117 -0.026639849 -1.085927486 -0.986007154 0.018565385 0.165666044 87.317871094
0.146522284 0.031490356 0.988705993 2.610816956 0.016373757 0.999279022 -0.034253635 -1.077665925 -0.989071846 0.021207754 0.145901024 87.370124817
0.128900528 0.031753991 0.991149008 3.041733742 0.014492658 0.999320149 -0.033900578 -1.092510223 -0.991551638 0.018734185 0.128352717 87.418937683
0.113498412 0.027336817 0.993161976 3.497525215 0.012320364 0.999505877 -0.028919399 -1.117035866 -0.993461788 0.015518422 0.113105506 87.463455200
0.098652482 0.024013519 0.994832098 3.970479012 0.012652257 0.999597788 -0.025383215 -1.137619734 -0.995041490 0.015090988 0.098308966 87.509849548
0.085610166 0.021606309 0.996094346 4.445273399 0.014646664 0.999629617 -0.022941809 -1.154613733 -0.996221066 0.016553512 0.085261986 87.534072876
0.073995695 0.020736514 0.997042954 4.942873001 0.018577687 0.999581575 -0.022168061 -1.170321584 -0.997085512 0.020163095 0.073579513 87.558563232
0.063841566 0.021372639 0.997731209 5.454717636 0.021752788 0.999503255 -0.022802491 -1.184887409 -0.997722983 0.023159182 0.063344941 87.581832886
0.055880114 0.021961760 0.998195887 5.982263565 0.023889018 0.999442399 -0.023326516 -1.200006485 -0.998151660 0.025149409 0.055324309 87.606719971
0.050455064 0.022173425 0.998480141 6.525162697 0.025499228 0.999398947 -0.023482354 -1.217096686 -0.998400748 0.026645279 0.049859330 87.624366760
0.044840552 0.023237387 0.998723805 7.094570160 0.026719142 0.999343872 -0.024451444 -1.228820086 -0.998636782 0.027781464 0.044190250 87.648643494
0.039192881 0.023897268 0.998945832 7.668673992 0.027291648 0.999315381 -0.024976874 -1.244948506 -0.998858809 0.028241795 0.038513854 87.663269043
0.034544524 0.023839599 0.999118805 8.273269653 0.029791895 0.999246597 -0.024872702 -1.262841582 -0.998959005 0.030624853 0.033808265 87.682571411
0.031562731 0.023899207 0.999216020 8.900279045 0.030959098 0.999211013 -0.024877008 -1.279596925 -0.999022186 0.031720012 0.030797923 87.701202393
0.028587369 0.023390375 0.999317706 9.538537025 0.032040525 0.999190986 -0.024303995 -1.298204184 -0.999077678 0.032713443 0.027814804 87.715637207
0.026125336 0.022745060 0.999399841 10.189964294 0.034038030 0.999141097 -0.023628963 -1.318046331 -0.999078989 0.034634907 0.025328699 87.731391907
0.025430582 0.022409000 0.999425411 10.866585732 0.038598627 0.998981237 -0.023381187 -1.336308241 -0.998931050 0.039171051 0.024539718 87.741699219
0.026619088 0.022098688 0.999401331 11.556824684 0.042088877 0.998844326 -0.023207409 -1.355178595 -0.998759210 0.042681433 0.025658216 87.752670288
0.029223733 0.022071408 0.999329150 12.261707306 0.043832749 0.998766184 -0.023340793 -1.372887373 -0.998611331 0.044485454 0.028220227 87.771141052
0.032938808 0.022066796 0.999213636 12.988685608 0.046012476 0.998662710 -0.023571417 -1.392048597 -0.998397708 0.046752706 0.031879418 87.795227051
0.037360933 0.021528015 0.999069929 13.726424217 0.046691023 0.998638451 -0.023264764 -1.415628076 -0.998210430 0.047516789 0.036304899 87.819648743
0.041132800 0.020027868 0.998952925 14.480600357 0.048277542 0.998591483 -0.022008488 -1.433757782 -0.997986615 0.049132254 0.040107965 87.856239319
0.044852406 0.018432964 0.998823583 15.252302170 0.047813568 0.998644352 -0.020576732 -1.454492569 -0.997848690 0.048680235 0.043910258 87.898162842
0.049266487 0.016183604 0.998654544 16.042337418 0.045005482 0.998817146 -0.018406486 -1.475614071 -0.997771144 0.045851756 0.048479863 87.944366455
0.053317573 0.014929127 0.998466015 16.819295883 0.044160645 0.998874903 -0.017293394 -1.498144388 -0.997600615 0.045014951 0.052598294 87.980728149
0.057410646 0.015977230 0.998222768 17.619318008 0.041399144 0.998973787 -0.018370235 -1.517418146 -0.997491837 0.042380217 0.056690291 88.037017822
0.060470834 0.019739257 0.997974753 18.419019699 0.039232135 0.998984873 -0.022136452 -1.547019720 -0.997398674 0.040491298 0.059635032 88.088401794
0.062041435 0.025028322 0.997759640 19.209003448 0.033286091 0.999077559 -0.027131137 -1.574150562 -0.997518361 0.034894772 0.061151117 88.146217346
0.061775580 0.028186968 0.997691989 20.044662476 0.030740159 0.999073207 -0.030129379 -1.602947474 -0.997616589 0.032530468 0.060851850 88.205955505
0.061859120 0.027911337 0.997694612 20.857429504 0.028661065 0.999146998 -0.029729020 -1.629440069 -0.997673213 0.030433999 0.061006397 88.267364502
0.061679527 0.026262159 0.997750461 21.670982361 0.025589414 0.999283493 -0.027884416 -1.662736177 -0.997767985 0.027251745 0.060963307 88.326263428
0.061427832 0.025120001 0.997795403 22.491205215 0.026360776 0.999293685 -0.026780587 -1.696461916 -0.997763336 0.027947735 0.060722273 88.380035400
0.061898071 0.023820013 0.997798204 23.317726135 0.023848696 0.999394417 -0.025337566 -1.736624956 -0.997797489 0.025364533 0.061292522 88.438507080
0.061953492 0.024354499 0.997781813 24.130971909 0.022138247 0.999422789 -0.025769139 -1.765556216 -0.997833431 0.023685632 0.061378572 88.497283936
0.061823796 0.024903845 0.997776330 24.943416595 0.019330639 0.999471188 -0.026143907 -1.796474576 -0.997899830 0.020903973 0.061309699 88.557754517
0.060688641 0.026429670 0.997806787 25.750518799 0.016136156 0.999492824 -0.027455762 -1.830442429 -0.998026252 0.017767023 0.060231388 88.614707947
0.057909999 0.025857599 0.997986853 26.569618225 0.014217867 0.999541759 -0.026722904 -1.859987736 -0.998220503 0.015736768 0.057515826 88.666473389
0.054421756 0.024813760 0.998209596 27.380836487 0.011728412 0.999606371 -0.025487904 -1.889003992 -0.998449206 0.013094511 0.054109305 88.712898254
0.048846483 0.022164294 0.998560309 28.192504883 0.009794079 0.999695003 -0.022668576 -1.922015667 -0.998758316 0.010887259 0.048614502 88.764747620
0.042978343 0.020082220 0.998874068 29.000127792 0.007619630 0.999762297 -0.020427922 -1.950639725 -0.999046862 0.008489010 0.042815108 88.799201965
0.035475578 0.020302607 0.999164283 29.804275513 0.007276060 0.999761939 -0.020573087 -1.979204178 -0.999343991 0.007999821 0.035319403 88.828926086
0.026680840 0.021212930 0.999418974 30.607677460 0.006759849 0.999748170 -0.021400385 -2.007758141 -0.999621153 0.007326902 0.026530722 88.851173401
0.017040839 0.021511670 0.999623358 31.402742386 0.007436234 0.999738097 -0.021640910 -2.038815022 -0.999827087 0.007802212 0.016876413 88.857841492
0.006943245 0.020586714 0.999763906 32.202152252 0.008786631 0.999748170 -0.020647416 -2.064365149 -0.999937296 0.008927920 0.006760608 88.859970093
-0.004329871 0.019748405 0.999795496 32.994609833 0.007457619 0.999777794 -0.019715754 -2.094367981 -0.999962866 0.007370727 -0.004476186 88.862884521
-0.015236093 0.018855166 0.999706149 33.781368256 0.008923457 0.999784946 -0.018720653 -2.118456602 -0.999844074 0.008635606 -0.015401074 88.843246460
-0.026078772 0.019117642 0.999477088 34.561969757 0.009099474 0.999780238 -0.018886009 -2.144505739 -0.999618530 0.008602193 -0.026246998 88.818725586
-0.037359208 0.019919796 0.999103427 35.334220886 0.009541877 0.999762893 -0.019576147 -2.169260263 -0.999256372 0.008801971 -0.037540421 88.789405823
-0.047326159 0.020793719 0.998663008 36.100326538 0.009271667 0.999749362 -0.020376956 -2.203364611 -0.998836398 0.008294907 -0.047507092 88.741920471
-0.057986334 0.022028150 0.998074234 36.866012573 0.009847178 0.999720514 -0.021492379 -2.225284576 -0.998268723 0.008581951 -0.058187041 88.700363159
-0.067116909 0.022468559 0.997492015 37.621749878 0.011071414 0.999701619 -0.021773383 -2.257568836 -0.997683644 0.009582286 -0.067345634 88.641738892
-0.076797612 0.023056932 0.996780097 38.368946075 0.011301743 0.999688625 -0.022253456 -2.281713963 -0.996982574 0.009556342 -0.077034265 88.580848694
-0.086128041 0.023395440 0.996009350 39.108390808 0.011947694 0.999676585 -0.022448422 -2.310588360 -0.996212482 0.009966576 -0.086379692 88.516921997
-0.094836749 0.022903049 0.995229423 39.841899872 0.013308866 0.999675214 -0.021737140 -2.333986759 -0.995403886 0.011183894 -0.095110759 88.444091797
-0.102399968 0.021671625 0.994507194 40.561412811 0.014812193 0.999685049 -0.020259313 -2.363121033 -0.994633019 0.012656281 -0.102688715 88.367744446
-0.107066028 0.020098262 0.994048774 41.279567719 0.018388459 0.999664605 -0.018231247 -2.391204357 -0.994081795 0.016327074 -0.107399710 88.277351379
-0.110607676 0.018656190 0.993689060 41.984802246 0.021816012 0.999628484 -0.016339360 -2.412889481 -0.993624628 0.019871073 -0.110973582 88.188858032
-0.113280103 0.017599504 0.993407190 42.691566467 0.023090750 0.999619603 -0.015076485 -2.433871746 -0.993294716 0.021230653 -0.113643408 88.106353760
-0.115284413 0.016668914 0.993192673 43.375732422 0.023110351 0.999633491 -0.014094489 -2.456587076 -0.993063629 0.021328153 -0.115627408 88.032386780
-0.115953974 0.017261408 0.993104577 44.041641235 0.024265818 0.999599755 -0.014541049 -2.474699259 -0.992958128 0.022412404 -0.116326444 87.953140259
-0.114914224 0.018122036 0.993210137 44.691299438 0.024687720 0.999576867 -0.015381839 -2.496545315 -0.993068635 0.022752505 -0.115312986 87.880294800
-0.111908413 0.020006780 0.993517041 45.311126709 0.025837347 0.999517918 -0.017217336 -2.515403748 -0.993382633 0.023743082 -0.112371378 87.812606812
-0.106717587 0.020427177 0.994079530 45.924064636 0.025944220 0.999505758 -0.017753486 -2.535376072 -0.993950844 0.023896012 -0.107194826 87.741584778
-0.098742090 0.021146441 0.994888306 46.519798279 0.025382824 0.999502420 -0.018725282 -2.555123806 -0.994789243 0.023404108 -0.099229723 87.687683105
-0.087624736 0.021076573 0.995930552 47.097869873 0.024392093 0.999521792 -0.019006483 -2.579151154 -0.995854914 0.022627397 -0.088096946 87.647285461
-0.073886052 0.021269910 0.997039855 47.654876709 0.023317005 0.999536157 -0.019595243 -2.601962566 -0.996994019 0.021800173 -0.074347720 87.613235474
-0.056857072 0.022345271 0.998132288 48.188510895 0.022568049 0.999522805 -0.021090847 -2.629678488 -0.998127341 0.021326730 -0.057334237 87.601280212
-0.035591207 0.024990154 0.999053955 48.718231201 0.020305406 0.999499023 -0.024277909 -2.650809050 -0.999160111 0.019422116 -0.036080804 87.593475342
-0.010749130 0.028127614 0.999546587 49.242835999 0.018354008 0.999441445 -0.027927274 -2.672893047 -0.999773741 0.018045491 -0.011259381 87.605499268
0.017093912 0.029650284 0.999414146 49.753795624 0.016325943 0.999418616 -0.029929657 -2.696000338 -0.999720633 0.016827995 0.016599905 87.642250061
0.050054856 0.029074147 0.998323202 50.264270782 0.013477193 0.999465466 -0.029783145 -2.718684912 -0.998655498 0.014945388 0.049636256 87.689453125
0.089546517 0.026413333 0.995632410 50.740943909 0.013152478 0.999529779 -0.027699653 -2.739565849 -0.995895743 0.015575441 0.089156993 87.726676941
0.131355613 0.022730017 0.991074681 51.245719910 0.011112249 0.999640465 -0.024399275 -2.763958454 -0.991272986 0.014218052 0.131055802 87.821403503
0.176946819 0.018500010 0.984046519 51.731601715 0.008459837 0.999757826 -0.020316590 -2.782760382 -0.984184027 0.011919830 0.176747456 87.931564331
0.225208968 0.015283562 0.974190593 52.219497681 0.003916496 0.999854684 -0.016591590 -2.800176382 -0.974302530 0.007551991 0.225116372 88.076622009
0.277367413 0.013310002 0.960671782 52.690155029 -0.000239557 0.999904990 -0.013784412 -2.823085308 -0.960763931 0.003593210 0.277344227 88.241271973
0.332096636 0.013283074 0.943151832 53.135036469 -0.001312636 0.999906480 -0.013620193 -2.833899498 -0.943244457 0.003285205 0.332082987 88.431732178
0.388409555 0.014755163 0.921368718 53.554058075 0.000728005 0.999866486 -0.016319156 -2.841828346 -0.921486557 0.007009275 0.388347030 88.654891968
0.449144334 0.017281374 0.893292129 53.974205017 0.001934948 0.999791801 -0.020314572 -2.863840103 -0.893457174 0.010852650 0.449017346 88.891021729
0.509228230 0.020669401 0.860383272 54.371162415 0.002814461 0.999666154 -0.025681235 -2.880609989 -0.860626817 0.015499127 0.509000123 89.156654358
0.568193078 0.025642328 0.822495699 54.731224060 -0.000410326 0.999522984 -0.030877918 -2.879693031 -0.822895169 0.017207131 0.567932725 89.442146301
0.622446537 0.028408173 0.782146513 55.060310364 -0.004219032 0.999448240 -0.032943163 -2.895245075 -0.782650948 0.017205453 0.622222960 89.776184082
0.675921798 0.028855791 0.736408234 55.387268066 -0.005671992 0.999407232 -0.033955164 -2.914951801 -0.736951530 0.018774137 0.675684869 90.118476868
0.724298418 0.027055200 0.688955486 55.663978577 -0.005913629 0.999436796 -0.033030771 -2.930339336 -0.689461172 0.019849908 0.724050581 90.471702576
0.768383801 0.025307059 0.639488697 55.904685974 -0.009471664 0.999558091 -0.028175641 -2.938802958 -0.639919221 0.015592685 0.768284082 90.860084534
0.810863256 0.020373167 0.584880948 56.177284241 -0.009703176 0.999724507 -0.021371197 -2.947160244 -0.585155189 0.011653915 0.810837567 91.265922546
0.847735524 0.018415216 0.530099392 56.398162842 -0.012260951 0.999810457 -0.015124869 -2.953507423 -0.530277312 0.006322369 0.847800612 91.688827515
0.878875971 0.014768684 0.476821721 56.581809998 -0.012748268 0.999890864 -0.007472240 -2.965337038 -0.476879984 0.000488522 0.878968298 92.118621826
0.904658437 0.016055994 0.425834596 56.745735168 -0.016815785 0.999856710 -0.001975283 -2.974776268 -0.425805211 -0.005373785 0.904798925 92.552230835
0.924285233 0.018253868 0.381266057 56.848228455 -0.020574616 0.999786258 0.002011314 -2.993699312 -0.381147772 -0.009703429 0.924463153 92.946563721
0.939594567 0.023878675 0.341455460 56.980377197 -0.027087674 0.999622345 0.004632447 -2.995795250 -0.341215819 -0.013601854 0.939886570 93.410079956
0.951473832 0.028268954 0.306428224 57.090549469 -0.030921273 0.999514639 0.003803670 -2.996670246 -0.306171983 -0.013094243 0.951886237 93.869857788
0.960730970 0.030535389 0.275796354 57.196830750 -0.032925002 0.999449730 0.004037326 -2.995791435 -0.275521278 -0.012959377 0.961207628 94.334999084
0.966824055 0.025356850 0.254181385 57.306602478 -0.027341357 0.999617040 0.004277047 -2.999917030 -0.253975600 -0.011084818 0.967147112 94.801345825
0.970899045 0.022203475 0.238457531 57.417671204 -0.024221681 0.999691308 0.005536356 -3.012948275 -0.238260984 -0.011151086 0.971137166 95.280006409
0.973676145 0.027109571 0.226317555 57.502532959 -0.029008338 0.999566376 0.005067734 -3.016963243 -0.226081967 -0.011499427 0.974040389 95.788887024
0.975689471 0.032277480 0.216767222 57.594203949 -0.034332518 0.999394178 0.005720236 -3.012692213 -0.216451257 -0.013023339 0.976206660 96.295890808
0.976899624 0.038851749 0.210137367 57.700340271 -0.040608864 0.999166906 0.004051639 -3.003651619 -0.209804893 -0.012491488 0.977663457 96.779876709
0.977225780 0.044796035 0.207419962 57.793983459 -0.045919318 0.998944938 0.000601498 -3.008032560 -0.207174212 -0.010112381 0.978251755 97.298294067
0.977350414 0.046651505 0.206421897 57.904048920 -0.047238588 0.998881459 -0.002086421 -3.014699936 -0.206288323 -0.007711912 0.978460848 97.835960388
0.976751566 0.045580246 0.209472552 58.013069153 -0.045363791 0.998953521 -0.005840330 -3.023151159 -0.209519550 -0.003797918 0.977797031 98.372375488
0.976058304 0.044416796 0.212925777 58.143264771 -0.042848326 0.999009728 -0.011977667 -3.032838821 -0.213246971 0.002567389 0.976994932 98.922714233
0.975342929 0.043442499 0.216376320 58.281875610 -0.040746123 0.999026418 -0.016909253 -3.030816555 -0.216900244 0.007675827 0.976163566 99.470817566
0.974062145 0.048176531 0.221092731 58.400085449 -0.045619607 0.998819888 -0.016659746 -3.038980007 -0.221634462 0.006141466 0.975110412 100.055549622
0.972650230 0.051200397 0.226561353 58.532352448 -0.049577385 0.998687565 -0.012851926 -3.048882008 -0.226922035 0.001268112 0.973912060 100.645713806
0.971726656 0.047783002 0.231223032 58.680702209 -0.047112908 0.998854041 -0.008422080 -3.057201862 -0.231360510 -0.002709629 0.972864270 101.239044189
0.970966518 0.043835692 0.235164583 58.830718994 -0.044500045 0.999006271 -0.002483702 -3.072912693 -0.235039741 -0.008053240 0.971952379 101.860778809
0.970164955 0.041538399 0.238861352 58.988357544 -0.043381818 0.999055505 0.002463109 -3.083406687 -0.238533467 -0.012751862 0.971050560 102.480026245
0.969585836 0.036835875 0.241963714 59.147159576 -0.038715925 0.999245644 0.003018319 -3.087792397 -0.241669998 -0.012294370 0.970280588 103.117439270
0.969610333 0.033343975 0.242371649 59.308792114 -0.034299038 0.999411583 -0.000279121 -3.092091322 -0.242238298 -0.008042474 0.970183432 103.760055542
0.969736814 0.032688111 0.241954654 59.472824097 -0.031932052 0.999465227 -0.007046559 -3.100834846 -0.242055580 -0.000892799 0.970261872 104.406761169
0.969922304 0.035153635 0.240862817 59.633659363 -0.032802183 0.999367058 -0.013766364 -3.108228445 -0.241194338 0.005451475 0.970461547 105.044708252
0.970556498 0.037905540 0.237872183 59.795200348 -0.034680273 0.999241173 -0.017730547 -3.113334179 -0.238363758 0.008959027 0.971134603 105.719932556
0.971149087 0.036681399 0.235635012 59.958709717 -0.034441512 0.999313951 -0.013615920 -3.119022846 -0.235972822 0.005107463 0.971746266 106.418762207
0.971512258 0.032644518 0.234730452 60.123207092 -0.032180849 0.999465168 -0.005806528 -3.136991262 -0.234794483 -0.001912713 0.972043216 107.125816345
0.972124100 0.032853317 0.232153893 60.294418335 -0.033843104 0.999427140 0.000280854 -3.151242733 -0.232011646 -0.008129834 0.972678959 107.847511292
0.972373486 0.036333200 0.230585456 60.454593658 -0.037230082 0.999306679 -0.000461705 -3.159816265 -0.230442286 -0.008135765 0.973052025 108.578720093
0.972722292 0.041776404 0.228180110 60.613597870 -0.041728448 0.999116361 -0.005036771 -3.167714834 -0.228188887 -0.004622225 0.973605871 109.302841187
0.973546028 0.042962071 0.224415556 60.776199341 -0.041721459 0.999076486 -0.010269494 -3.176213503 -0.224649519 0.000634881 0.974439561 110.033424377
0.974526823 0.041537307 0.220390514 60.946277618 -0.039577138 0.999127924 -0.013304112 -3.185299397 -0.220750973 0.004242788 0.975320995 110.790985107
0.975495696 0.039437875 0.216455013 61.115997314 -0.037817068 0.999216914 -0.011626452 -3.198292732 -0.216744080 0.003155858 0.976223350 111.562370300
0.976337969 0.035754602 0.213273868 61.285720825 -0.034532830 0.999358952 -0.009452461 -3.214045048 -0.213475138 0.001863847 0.976946712 112.343826294
0.976766288 0.034417242 0.211525515 61.453941345 -0.033785570 0.999407232 -0.006600808 -3.227023125 -0.211627334 -0.000699062 0.977350175 113.137535095
0.977096438 0.031691886 0.210423648 61.624092102 -0.031485379 0.999494672 -0.004332326 -3.237292528 -0.210454673 -0.002392167 0.977600694 113.940444946
0.977346361 0.026183084 0.210020334 61.795783997 -0.026119744 0.999654114 -0.003075821 -3.249337912 -0.210028246 -0.002479536 0.977692187 114.720191956
0.977449894 0.027217988 0.209405988 61.963012695 -0.027510906 0.999620438 -0.001514381 -3.258949757 -0.209367707 -0.004280717 0.977827728 115.523849487
0.977207303 0.032534480 0.209779501 62.128059387 -0.032535091 0.999464691 -0.003449021 -3.269826412 -0.209779397 -0.003454786 0.977742612 116.346260071
0.976950049 0.037851706 0.210085258 62.298278809 -0.037238464 0.999282897 -0.006875455 -3.278571844 -0.210194826 -0.001106275 0.977658868 117.164131165
0.976345539 0.046599306 0.211134970 62.461353302 -0.045836955 0.998912692 -0.008506078 -3.285999775 -0.211301774 -0.001372913 0.977419913 117.993530273
0.975405455 0.052531745 0.214067027 62.626113892 -0.052009568 0.998613954 -0.008074651 -3.298415661 -0.214194506 -0.003257476 0.976785600 118.817276001
0.974625468 0.054886062 0.217008561 62.801033020 -0.054867197 0.998474956 -0.006116718 -3.316761255 -0.217013314 -0.005945143 0.976150513 119.655319214
0.974032938 0.055477757 0.219503731 62.985622406 -0.055389702 0.998443246 -0.006560203 -3.339884996 -0.219525933 -0.005768393 0.975589573 120.493301392
0.973682761 0.053885579 0.221445352 63.170215607 -0.053077422 0.998544157 -0.009603117 -3.348864079 -0.221640408 -0.002403355 0.975125551 121.324462891
0.973672092 0.047758803 0.222894236 63.366172791 -0.047140215 0.998855472 -0.008098148 -3.366040230 -0.223025858 -0.002622342 0.974809051 122.166511536
0.973944187 0.041557644 0.222947612 63.566169739 -0.040453218 0.999136090 -0.009520428 -3.390057087 -0.223150641 0.000253418 0.974783957 122.993675232
0.973775208 0.040226396 0.223927736 63.760158539 -0.039095979 0.999190450 -0.009481300 -3.408300877 -0.224127859 0.000477980 0.974559605 123.824569702
0.973212600 0.042747561 0.225897595 63.949092865 -0.042321604 0.999081314 -0.006730369 -3.422298908 -0.225977778 -0.003010266 0.974127769 124.672363281
0.972811997 0.044705570 0.227240309 64.135063171 -0.045670502 0.998956025 -0.001012553 -3.435226917 -0.227048367 -0.009393154 0.973838151 125.512207031
0.972396731 0.048797488 0.228173837 64.319458008 -0.050820358 0.998703301 0.002994814 -3.450486422 -0.227731824 -0.014508023 0.973615706 126.350624084
0.972141802 0.047800712 0.229467615 64.503036499 -0.048351899 0.998825133 -0.003223345 -3.468299150 -0.229352117 -0.007961647 0.973310888 127.161460876
0.972451866 0.043812577 0.228949323 64.698966980 -0.040870991 0.999009788 -0.017576462 -3.486951828 -0.229492694 0.007734875 0.973279595 127.970787048
